# Dates,   Temperatures
  19930101,  -39
  19930102,  -38
  19930103,  -77
  19930104,  -49
  19930105,   16
  19930106,   80
  19930107,   46
  19930108,   53
  19930109,   69
  19930110,  107
  19930111,   99
  19930112,   59
  19930113,   71
  19930114,   64
  19930115,   88
  19930116,  115
  19930117,   91
  19930118,   55
  19930119,   61
  19930120,   97
  19930121,   98
  19930122,   95
  19930123,   76
  19930124,   94
  19930125,   35
  19930126,   38
  19930127,   42
  19930128,   65
  19930129,   45
  19930130,   11
  19930131,    3
  19930201,  -16
  19930202,   21
  19930203,   24
  19930204,   -1
  19930205,   22
  19930206,   52
  19930207,   57
  19930208,   50
  19930209,   47
  19930210,   27
  19930211,   10
  19930212,   10
  19930213,   -8
  19930214,  -13
  19930215,   14
  19930216,   50
  19930217,   69
  19930218,   61
  19930219,   61
  19930220,   48
  19930221,   35
  19930222,   13
  19930223,    0
  19930224,  -11
  19930225,   18
  19930226,   26
  19930227,   20
  19930228,   -2
  19930301,    8
  19930302,   21
  19930303,   -6
  19930304,    5
  19930305,   26
  19930306,   61
  19930307,   54
  19930308,   41
  19930309,   32
  19930310,   66
  19930311,   73
  19930312,   81
  19930313,   81
  19930314,   91
  19930315,  106
  19930316,   92
  19930317,   99
  19930318,   94
  19930319,   58
  19930320,   57
  19930321,   86
  19930322,   96
  19930323,   66
  19930324,   53
  19930325,   48
  19930326,   51
  19930327,   23
  19930328,   21
  19930329,   29
  19930330,   70
  19930331,  112
  19930401,   97
  19930402,   60
  19930403,   63
  19930404,   59
  19930405,   62
  19930406,   84
  19930407,   72
  19930408,   66
  19930409,   90
  19930410,   91
  19930411,   76
  19930412,   82
  19930413,   78
  19930414,   93
  19930415,   86
  19930416,   96
  19930417,  103
  19930418,  104
  19930419,  100
  19930420,  145
  19930421,  140
  19930422,  119
  19930423,  144
  19930424,  169
  19930425,  150
  19930426,  147
  19930427,  163
  19930428,  197
  19930429,  205
  19930430,  203
  19930501,  164
  19930502,  103
  19930503,   93
  19930504,   84
  19930505,   86
  19930506,   96
  19930507,  112
  19930508,  138
  19930509,  162
  19930510,  180
  19930511,  199
  19930512,  190
  19930513,  126
  19930514,  116
  19930515,  106
  19930516,  125
  19930517,  184
  19930518,  173
  19930519,  160
  19930520,  162
  19930521,  120
  19930522,  131
  19930523,  160
  19930524,  187
  19930525,  179
  19930526,  174
  19930527,  142
  19930528,  115
  19930529,  156
  19930530,  169
  19930531,  141
  19930601,  153
  19930602,  162
  19930603,  139
  19930604,  170
  19930605,  192
  19930606,  179
  19930607,  177
  19930608,  194
  19930609,  223
  19930610,  229
  19930611,  183
  19930612,  135
  19930613,  134
  19930614,  123
  19930615,  133
  19930616,  131
  19930617,  153
  19930618,  150
  19930619,  158
  19930620,  155
  19930621,  141
  19930622,  142
  19930623,  130
  19930624,  123
  19930625,  130
  19930626,  143
  19930627,  154
  19930628,  146
  19930629,  181
  19930630,  195
  19930701,  181
  19930702,  172
  19930703,  189
  19930704,  211
  19930705,  151
  19930706,  150
  19930707,  149
  19930708,  168
  19930709,  162
  19930710,  138
  19930711,  126
  19930712,  113
  19930713,  145
  19930714,  152
  19930715,  161
  19930716,  188
  19930717,  178
  19930718,  165
  19930719,  151
  19930720,  148
  19930721,  146
  19930722,  150
  19930723,  175
  19930724,  185
  19930725,  149
  19930726,  151
  19930727,  152
  19930728,  178
  19930729,  184
  19930730,  169
  19930731,  162
  19930801,  158
  19930802,  188
  19930803,  168
  19930804,  170
  19930805,  167
  19930806,  152
  19930807,  174
  19930808,  160
  19930809,  162
  19930810,  145
  19930811,  148
  19930812,  161
  19930813,  148
  19930814,  163
  19930815,  173
  19930816,  164
  19930817,  155
  19930818,  160
  19930819,  160
  19930820,  166
  19930821,  176
  19930822,  118
  19930823,  121
  19930824,  127
  19930825,  128
  19930826,  141
  19930827,  129
  19930828,  128
  19930829,  123
  19930830,  145
  19930831,  143
  19930901,  142
  19930902,  142
  19930903,  135
  19930904,  125
  19930905,  126
  19930906,  122
  19930907,  145
  19930908,  161
  19930909,  160
  19930910,  147
  19930911,  134
  19930912,  142
  19930913,  124
  19930914,  124
  19930915,  139
  19930916,  124
  19930917,   94
  19930918,   95
  19930919,  120
  19930920,  171
  19930921,  159
  19930922,  143
  19930923,  140
  19930924,  126
  19930925,  120
  19930926,  112
  19930927,  121
  19930928,  108
  19930929,  111
  19930930,  115
  19931001,  132
  19931002,  121
  19931003,  115
  19931004,  127
  19931005,  141
  19931006,  139
  19931007,  127
  19931008,  129
  19931009,  111
  19931010,  112
  19931011,  137
  19931012,  143
  19931013,  137
  19931014,   80
  19931015,   58
  19931016,   51
  19931017,   52
  19931018,   38
  19931019,   30
  19931020,   56
  19931021,   71
  19931022,   68
  19931023,   66
  19931024,   70
  19931025,   90
  19931026,   97
  19931027,   92
  19931028,   76
  19931029,   51
  19931030,   39
  19931031,   25
  19931101,   23
  19931102,   34
  19931103,   72
  19931104,   91
  19931105,   58
  19931106,   60
  19931107,   55
  19931108,   62
  19931109,   71
  19931110,   80
  19931111,   80
  19931112,   65
  19931113,   67
  19931114,   77
  19931115,   61
  19931116,   14
  19931117,    9
  19931118,  -11
  19931119,  -13
  19931120,   -8
  19931121,  -48
  19931122,  -59
  19931123,  -36
  19931124,  -30
  19931125,  -10
  19931126,  -13
  19931127,  -27
  19931128,  -20
  19931129,  -22
  19931130,  -28
  19931201,   -5
  19931202,   72
  19931203,   91
  19931204,   80
  19931205,   54
  19931206,   69
  19931207,   55
  19931208,   60
  19931209,   84
  19931210,   63
  19931211,   44
  19931212,   33
  19931213,   79
  19931214,   18
  19931215,   26
  19931216,   57
  19931217,   57
  19931218,   98
  19931219,  109
  19931220,   47
  19931221,   19
  19931222,   48
  19931223,   42
  19931224,   40
  19931225,   -6
  19931226,   21
  19931227,   25
  19931228,   19
  19931229,   54
  19931230,   68
  19931231,   58
